1 1 1 10.0d0 0
2 1 1 9.98666266547d0 0
3 1 1 9.97332533093d0 0
4 1 1 9.9599879964d0 0
5 1 1 9.9499849955d0 0
6 1 1 9.94331632823d0 0
7 1 1 9.93664766096d0 0
8 1 1 9.9299789937d0 0
9 1 1 9.92531092661d0 0
10 1 1 9.9226434597d0 0
11 1 1 9.9199759928d0 0
12 1 1 9.91730852589d0 0
13 1 1 9.91464105898d0 0
14 1 1 9.9126404588d0 0
15 1 1 9.91130672535d0 0
16 1 1 9.9099729919d0 0
17 1 1 9.90863925844d0 0
18 1 1 9.90730552499d0 0
19 1 1 9.90597179154d0 0
20 1 1 9.90463805808d0 0
21 1 1 9.90330432463d0 0
22 1 1 9.90197059118d0 0
23 1 1 9.90063685772d0 0
24 1 1 9.89990330432d0 0
25 1 1 9.89976993098d0 0
26 1 1 9.89963655763d0 0
27 1 1 9.89950318429d0 0
28 1 1 9.89936981094d0 0
29 1 1 9.8992364376d0 0
30 1 1 9.89910306425d0 0
31 1 1 9.89896969091d0 0
32 1 1 9.89883631756d0 0
33 1 1 9.89870294422d0 0
34 1 1 9.89856957087d0 0
35 1 1 9.89843619753d0 0
36 1 1 9.89830282418d0 0
37 1 1 9.89816945084d0 0
38 1 1 9.89803607749d0 0
39 1 1 9.89790270414d0 0
40 1 1 9.8977693308d0 0
41 1 1 9.89763595745d0 0
42 1 1 9.89750258411d0 0
43 1 1 9.89736921076d0 0
44 1 1 9.89723583742d0 0
45 1 1 9.89710246407d0 0
46 1 1 9.89696909073d0 0
47 1 1 9.89683571738d0 0
48 1 1 9.89670234404d0 0
49 1 1 9.89656897069d0 0
50 1 1 9.89643559735d0 0
51 1 1 9.896302224d0 0
52 1 1 9.89616885066d0 0
53 1 1 9.89603547731d0 0
54 1 1 9.89590210396d0 0
55 1 1 9.89576873062d0 0
56 1 1 9.89563535727d0 0
57 1 1 9.89550198393d0 0
58 1 1 9.89536861058d0 0
59 1 1 9.89523523724d0 0
60 1 1 9.89510186389d0 0
61 1 1 9.89496849055d0 0
62 1 1 9.8948351172d0 0
63 1 1 9.89470174386d0 0
64 1 1 9.89456837051d0 0
65 1 1 9.89443499717d0 0
66 1 1 9.89430162382d0 0
67 1 1 9.89416825048d0 0
68 1 1 9.89403487713d0 0
69 1 1 9.89390150378d0 0
70 1 1 9.89376813044d0 0
71 1 1 9.89363475709d0 0
72 1 1 9.89350138375d0 0
73 1 1 9.8933680104d0 0
74 1 1 9.89323463706d0 0
75 1 1 9.89314661065d0 0
76 1 1 9.89310393118d0 0
77 1 1 9.89306125171d0 0
78 1 1 9.89301857224d0 0
79 1 1 9.89297589277d0 0
80 1 1 9.8929332133d0 0
81 1 1 9.89289053383d0 0
82 1 1 9.89284785436d0 0
83 1 1 9.89280517489d0 0
84 1 1 9.89276249542d0 0
85 1 1 9.89271981594d0 0
86 1 1 9.89267713647d0 0
87 1 1 9.892634457d0 0
88 1 1 9.89259177753d0 0
89 1 1 9.89254909806d0 0
90 1 1 9.89250641859d0 0
91 1 1 9.89246373912d0 0
92 1 1 9.89242105965d0 0
93 1 1 9.89237838018d0 0
94 1 1 9.89233570071d0 0
95 1 1 9.89229302124d0 0
96 1 1 9.89225034177d0 0
97 1 1 9.8922076623d0 0
98 1 1 9.89216498283d0 0
99 1 1 9.89212230336d0 0
100 1 1 9.89207962389d0 0
101 1 1 9.89203694442d0 0
102 1 1 9.89199426495d0 0
103 1 1 9.89195158548d0 0
104 1 1 9.89190890601d0 0
105 1 1 9.89186622653d0 0
106 1 1 9.89182354706d0 0
107 1 1 9.89178086759d0 0
108 1 1 9.89173818812d0 0
109 1 1 9.89169550865d0 0
110 1 1 9.89165282918d0 0
111 1 1 9.89161014971d0 0
112 1 1 9.89156747024d0 0
113 1 1 9.89152479077d0 0
114 1 1 9.8914821113d0 0
115 1 1 9.89143943183d0 0
116 1 1 9.89139675236d0 0
117 1 1 9.89135407289d0 0
118 1 1 9.89131139342d0 0
119 1 1 9.89126871395d0 0
120 1 1 9.89122603448d0 0
121 1 1 9.89118335501d0 0
122 1 1 9.89114067554d0 0
123 1 1 9.89109799607d0 0
124 1 1 9.8910553166d0 0
125 1 1 9.89101263712d0 0
126 1 1 9.89096995765d0 0
127 1 1 9.89092727818d0 0
128 1 1 9.89088459871d0 0
129 1 1 9.89084191924d0 0
130 1 1 9.89079923977d0 0
131 1 1 9.8907565603d0 0
132 1 1 9.89071388083d0 0
133 1 1 9.89067120136d0 0
134 1 1 9.89062852189d0 0
135 1 1 9.89058584242d0 0
136 1 1 9.89054316295d0 0
137 1 1 9.89050048348d0 0
138 1 1 9.89045780401d0 0
139 1 1 9.89041512454d0 0
140 1 1 9.89037244507d0 0
141 1 1 9.8903297656d0 0
142 1 1 9.89028708613d0 0
143 1 1 9.89024440666d0 0
144 1 1 9.89020172718d0 0
145 1 1 9.89015904771d0 0
146 1 1 9.89011636824d0 0
147 1 1 9.89007368877d0 0
148 1 1 9.8900310093d0 0
149 1 1 9.88998832983d0 0
150 1 1 9.88994565036d0 0
151 1 1 9.88990297089d0 0
152 1 1 9.88986029142d0 0
153 1 1 9.88981761195d0 0
154 1 1 9.88977493248d0 0
155 1 1 9.88973225301d0 0
156 1 1 9.88968957354d0 0
157 1 1 9.88964689407d0 0
158 1 1 9.8896042146d0 0
159 1 1 9.88956153513d0 0
160 1 1 9.88951885566d0 0
161 1 1 9.88947617619d0 0
162 1 1 9.88943349672d0 0
163 1 1 9.88939081725d0 0
164 1 1 9.88934813777d0 0
165 1 1 9.8893054583d0 0
166 1 1 9.88926277883d0 0
167 1 1 9.88922009936d0 0
168 1 1 9.88917741989d0 0
169 1 1 9.88913474042d0 0
170 1 1 9.88909206095d0 0
171 1 1 9.88904938148d0 0
172 1 1 9.88900670201d0 0
173 1 1 9.88896402254d0 0
174 1 1 9.88892134307d0 0
175 1 1 9.88883331666d0 0
176 1 1 9.88869994332d0 0
177 1 1 9.88856656997d0 0
178 1 1 9.88843319663d0 0
179 1 1 9.88829982328d0 0
180 1 1 9.88816644994d0 0
181 1 1 9.88803307659d0 0
182 1 1 9.88789970324d0 0
183 1 1 9.8877663299d0 0
184 1 1 9.88763295655d0 0
185 1 1 9.88749958321d0 0
186 1 1 9.88736620986d0 0
187 1 1 9.88723283652d0 0
188 1 1 9.88709946317d0 0
189 1 1 9.88696608983d0 0
190 1 1 9.88683271648d0 0
191 1 1 9.88669934314d0 0
192 1 1 9.88656596979d0 0
193 1 1 9.88643259645d0 0
194 1 1 9.8862992231d0 0
195 1 1 9.88616584976d0 0
196 1 1 9.88603247641d0 0
197 1 1 9.88589910306d0 0
198 1 1 9.88576572972d0 0
199 1 1 9.88563235637d0 0
200 1 1 9.88549898303d0 0
201 1 1 9.88536560968d0 0
202 1 1 9.88523223634d0 0
203 1 1 9.88509886299d0 0
204 1 1 9.88496548965d0 0
205 1 1 9.8848321163d0 0
206 1 1 9.88469874296d0 0
207 1 1 9.88456536961d0 0
208 1 1 9.88443199627d0 0
209 1 1 9.88429862292d0 0
210 1 1 9.88416524957d0 0
211 1 1 9.88403187623d0 0
212 1 1 9.88389850288d0 0
213 1 1 9.88376512954d0 0
214 1 1 9.88363175619d0 0
215 1 1 9.88349838285d0 0
216 1 1 9.8833650095d0 0
217 1 1 9.88323163616d0 0
218 1 1 9.88309826281d0 0
219 1 1 9.88296488947d0 0
220 1 1 9.88283151612d0 0
221 1 1 9.88269814278d0 0
222 1 1 9.88256476943d0 0
223 1 1 9.88243139609d0 0
224 1 1 9.88229802274d0 0
225 1 1 9.88156446934d0 0
226 1 1 9.88023073589d0 0
227 1 1 9.87889700243d0 0
228 1 1 9.87756326898d0 0
229 1 1 9.87622953553d0 0
230 1 1 9.87489580207d0 0
231 1 1 9.87356206862d0 0
232 1 1 9.87222833517d0 0
233 1 1 9.87089460171d0 0
234 1 1 9.86956086826d0 0
235 1 1 9.86756026808d0 0
236 1 1 9.86489280117d0 0
237 1 1 9.86222533427d0 0
238 1 1 9.85955786736d0 0
239 1 1 9.85689040045d0 0
240 1 1 9.85222233337d0 0
241 1 1 9.8455536661d0 0
242 1 1 9.83888499883d0 0
243 1 1 9.83221633157d0 0
244 1 1 9.82221333067d0 0
245 1 1 9.80887599613d0 0
246 1 1 9.7955386616d0 0
247 1 1 9.78220132706d0 0
1 2 1 9.98666266547d0 0
1 3 1 9.97332533093d0 0
1 4 1 9.9599879964d0 0
1 5 1 9.9499849955d0 0
1 6 1 9.94331632823d0 0
1 7 1 9.93664766096d0 0
1 8 1 9.9299789937d0 0
1 9 1 9.92531092661d0 0
1 10 1 9.9226434597d0 0
1 11 1 9.9199759928d0 0
1 12 1 9.91730852589d0 0
1 13 1 9.91464105898d0 0
1 14 1 9.9126404588d0 0
1 15 1 9.91130672535d0 0
1 16 1 9.9099729919d0 0
1 17 1 9.90863925844d0 0
1 18 1 9.90730552499d0 0
1 19 1 9.90597179154d0 0
1 20 1 9.90463805808d0 0
1 21 1 9.90330432463d0 0
1 22 1 9.90197059118d0 0
1 23 1 9.90063685772d0 0
1 24 1 9.89990330432d0 0
1 25 1 9.89976993098d0 0
1 26 1 9.89963655763d0 0
1 27 1 9.89950318429d0 0
1 28 1 9.89936981094d0 0
1 29 1 9.8992364376d0 0
1 30 1 9.89910306425d0 0
1 31 1 9.89896969091d0 0
1 32 1 9.89883631756d0 0
1 33 1 9.89870294422d0 0
1 34 1 9.89856957087d0 0
1 35 1 9.89843619753d0 0
1 36 1 9.89830282418d0 0
1 37 1 9.89816945084d0 0
1 38 1 9.89803607749d0 0
1 39 1 9.89790270414d0 0
1 40 1 9.8977693308d0 0
1 41 1 9.89763595745d0 0
1 42 1 9.89750258411d0 0
1 43 1 9.89736921076d0 0
1 44 1 9.89723583742d0 0
1 45 1 9.89710246407d0 0
1 46 1 9.89696909073d0 0
1 47 1 9.89683571738d0 0
1 48 1 9.89670234404d0 0
1 49 1 9.89656897069d0 0
1 50 1 9.89643559735d0 0
1 51 1 9.896302224d0 0
1 52 1 9.89616885066d0 0
1 53 1 9.89603547731d0 0
1 54 1 9.89590210396d0 0
1 55 1 9.89576873062d0 0
1 56 1 9.89563535727d0 0
1 57 1 9.89550198393d0 0
1 58 1 9.89536861058d0 0
1 59 1 9.89523523724d0 0
1 60 1 9.89510186389d0 0
1 61 1 9.89496849055d0 0
1 62 1 9.8948351172d0 0
1 63 1 9.89470174386d0 0
1 64 1 9.89456837051d0 0
1 65 1 9.89443499717d0 0
1 66 1 9.89430162382d0 0
1 67 1 9.89416825048d0 0
1 68 1 9.89403487713d0 0
1 69 1 9.89390150378d0 0
1 70 1 9.89376813044d0 0
1 71 1 9.89363475709d0 0
1 72 1 9.89350138375d0 0
1 73 1 9.8933680104d0 0
1 74 1 9.89323463706d0 0
1 75 1 9.89314661065d0 0
1 76 1 9.89310393118d0 0
1 77 1 9.89306125171d0 0
1 78 1 9.89301857224d0 0
1 79 1 9.89297589277d0 0
1 80 1 9.8929332133d0 0
1 81 1 9.89289053383d0 0
1 82 1 9.89284785436d0 0
1 83 1 9.89280517489d0 0
1 84 1 9.89276249542d0 0
1 85 1 9.89271981594d0 0
1 86 1 9.89267713647d0 0
1 87 1 9.892634457d0 0
1 88 1 9.89259177753d0 0
1 89 1 9.89254909806d0 0
1 90 1 9.89250641859d0 0
1 91 1 9.89246373912d0 0
1 92 1 9.89242105965d0 0
1 93 1 9.89237838018d0 0
1 94 1 9.89233570071d0 0
1 95 1 9.89229302124d0 0
1 96 1 9.89225034177d0 0
1 97 1 9.8922076623d0 0
1 98 1 9.89216498283d0 0
1 99 1 9.89212230336d0 0
1 100 1 9.89207962389d0 0
1 101 1 9.89203694442d0 0
1 102 1 9.89199426495d0 0
1 103 1 9.89195158548d0 0
1 104 1 9.89190890601d0 0
1 105 1 9.89186622653d0 0
1 106 1 9.89182354706d0 0
1 107 1 9.89178086759d0 0
1 108 1 9.89173818812d0 0
1 109 1 9.89169550865d0 0
1 110 1 9.89165282918d0 0
1 111 1 9.89161014971d0 0
1 112 1 9.89156747024d0 0
1 113 1 9.89152479077d0 0
1 114 1 9.8914821113d0 0
1 115 1 9.89143943183d0 0
1 116 1 9.89139675236d0 0
1 117 1 9.89135407289d0 0
1 118 1 9.89131139342d0 0
1 119 1 9.89126871395d0 0
1 120 1 9.89122603448d0 0
1 121 1 9.89118335501d0 0
1 122 1 9.89114067554d0 0
1 123 1 9.89109799607d0 0
1 124 1 9.8910553166d0 0
1 125 1 9.89101263712d0 0
1 126 1 9.89096995765d0 0
1 127 1 9.89092727818d0 0
1 128 1 9.89088459871d0 0
1 129 1 9.89084191924d0 0
1 130 1 9.89079923977d0 0
1 131 1 9.8907565603d0 0
1 132 1 9.89071388083d0 0
1 133 1 9.89067120136d0 0
1 134 1 9.89062852189d0 0
1 135 1 9.89058584242d0 0
1 136 1 9.89054316295d0 0
1 137 1 9.89050048348d0 0
1 138 1 9.89045780401d0 0
1 139 1 9.89041512454d0 0
1 140 1 9.89037244507d0 0
1 141 1 9.8903297656d0 0
1 142 1 9.89028708613d0 0
1 143 1 9.89024440666d0 0
1 144 1 9.89020172718d0 0
1 145 1 9.89015904771d0 0
1 146 1 9.89011636824d0 0
1 147 1 9.89007368877d0 0
1 148 1 9.8900310093d0 0
1 149 1 9.88998832983d0 0
1 150 1 9.88994565036d0 0
1 151 1 9.88990297089d0 0
1 152 1 9.88986029142d0 0
1 153 1 9.88981761195d0 0
1 154 1 9.88977493248d0 0
1 155 1 9.88973225301d0 0
1 156 1 9.88968957354d0 0
1 157 1 9.88964689407d0 0
1 158 1 9.8896042146d0 0
1 159 1 9.88956153513d0 0
1 160 1 9.88951885566d0 0
1 161 1 9.88947617619d0 0
1 162 1 9.88943349672d0 0
1 163 1 9.88939081725d0 0
1 164 1 9.88934813777d0 0
1 165 1 9.8893054583d0 0
1 166 1 9.88926277883d0 0
1 167 1 9.88922009936d0 0
1 168 1 9.88917741989d0 0
1 169 1 9.88913474042d0 0
1 170 1 9.88909206095d0 0
1 171 1 9.88904938148d0 0
1 172 1 9.88900670201d0 0
1 173 1 9.88896402254d0 0
1 174 1 9.88892134307d0 0
1 175 1 9.88883331666d0 0
1 176 1 9.88869994332d0 0
1 177 1 9.88856656997d0 0
1 178 1 9.88843319663d0 0
1 179 1 9.88829982328d0 0
1 180 1 9.88816644994d0 0
1 181 1 9.88803307659d0 0
1 182 1 9.88789970324d0 0
1 183 1 9.8877663299d0 0
1 184 1 9.88763295655d0 0
1 185 1 9.88749958321d0 0
1 186 1 9.88736620986d0 0
1 187 1 9.88723283652d0 0
1 188 1 9.88709946317d0 0
1 189 1 9.88696608983d0 0
1 190 1 9.88683271648d0 0
1 191 1 9.88669934314d0 0
1 192 1 9.88656596979d0 0
1 193 1 9.88643259645d0 0
1 194 1 9.8862992231d0 0
1 195 1 9.88616584976d0 0
1 196 1 9.88603247641d0 0
1 197 1 9.88589910306d0 0
1 198 1 9.88576572972d0 0
1 199 1 9.88563235637d0 0
1 200 1 9.88549898303d0 0
1 201 1 9.88536560968d0 0
1 202 1 9.88523223634d0 0
1 203 1 9.88509886299d0 0
1 204 1 9.88496548965d0 0
1 205 1 9.8848321163d0 0
1 206 1 9.88469874296d0 0
1 207 1 9.88456536961d0 0
1 208 1 9.88443199627d0 0
1 209 1 9.88429862292d0 0
1 210 1 9.88416524957d0 0
1 211 1 9.88403187623d0 0
1 212 1 9.88389850288d0 0
1 213 1 9.88376512954d0 0
1 214 1 9.88363175619d0 0
1 215 1 9.88349838285d0 0
1 216 1 9.8833650095d0 0
1 217 1 9.88323163616d0 0
1 218 1 9.88309826281d0 0
1 219 1 9.88296488947d0 0
1 220 1 9.88283151612d0 0
1 221 1 9.88269814278d0 0
1 222 1 9.88256476943d0 0
1 223 1 9.88243139609d0 0
1 224 1 9.88229802274d0 0
1 225 1 9.88156446934d0 0
1 226 1 9.88023073589d0 0
1 227 1 9.87889700243d0 0
1 228 1 9.87756326898d0 0
1 229 1 9.87622953553d0 0
1 230 1 9.87489580207d0 0
1 231 1 9.87356206862d0 0
1 232 1 9.87222833517d0 0
1 233 1 9.87089460171d0 0
1 234 1 9.86956086826d0 0
1 235 1 9.86756026808d0 0
1 236 1 9.86489280117d0 0
1 237 1 9.86222533427d0 0
1 238 1 9.85955786736d0 0
1 239 1 9.85689040045d0 0
1 240 1 9.85222233337d0 0
1 241 1 9.8455536661d0 0
1 242 1 9.83888499883d0 0
1 243 1 9.83221633157d0 0
1 244 1 9.82221333067d0 0
1 245 1 9.80887599613d0 0
1 246 1 9.7955386616d0 0
1 247 1 9.78220132706d0 0
2 247 1 9.76886399253d0 0
3 247 1 9.755526658d0 0
4 247 1 9.74218932346d0 0
5 247 1 9.73218632256d0 0
6 247 1 9.7255176553d0 0
7 247 1 9.71884898803d0 0
8 247 1 9.71218032076d0 0
9 247 1 9.70751225368d0 0
10 247 1 9.70484478677d0 0
11 247 1 9.70217731986d0 0
12 247 1 9.69950985296d0 0
13 247 1 9.69684238605d0 0
14 247 1 9.69484178587d0 0
15 247 1 9.69350805242d0 0
16 247 1 9.69217431896d0 0
17 247 1 9.69084058551d0 0
18 247 1 9.68950685206d0 0
19 247 1 9.6881731186d0 0
20 247 1 9.68683938515d0 0
21 247 1 9.6855056517d0 0
22 247 1 9.68417191824d0 0
23 247 1 9.68283818479d0 0
24 247 1 9.68210463139d0 0
25 247 1 9.68197125804d0 0
26 247 1 9.6818378847d0 0
27 247 1 9.68170451135d0 0
28 247 1 9.68157113801d0 0
29 247 1 9.68143776466d0 0
30 247 1 9.68130439132d0 0
31 247 1 9.68117101797d0 0
32 247 1 9.68103764463d0 0
33 247 1 9.68090427128d0 0
34 247 1 9.68077089794d0 0
35 247 1 9.68063752459d0 0
36 247 1 9.68050415125d0 0
37 247 1 9.6803707779d0 0
38 247 1 9.68023740455d0 0
39 247 1 9.68010403121d0 0
40 247 1 9.67997065786d0 0
41 247 1 9.67983728452d0 0
42 247 1 9.67970391117d0 0
43 247 1 9.67957053783d0 0
44 247 1 9.67943716448d0 0
45 247 1 9.67930379114d0 0
46 247 1 9.67917041779d0 0
47 247 1 9.67903704445d0 0
48 247 1 9.6789036711d0 0
49 247 1 9.67877029776d0 0
50 247 1 9.67863692441d0 0
51 247 1 9.67850355107d0 0
52 247 1 9.67837017772d0 0
53 247 1 9.67823680437d0 0
54 247 1 9.67810343103d0 0
55 247 1 9.67797005768d0 0
56 247 1 9.67783668434d0 0
57 247 1 9.67770331099d0 0
58 247 1 9.67756993765d0 0
59 247 1 9.6774365643d0 0
60 247 1 9.67730319096d0 0
61 247 1 9.67716981761d0 0
62 247 1 9.67703644427d0 0
63 247 1 9.67690307092d0 0
64 247 1 9.67676969758d0 0
65 247 1 9.67663632423d0 0
66 247 1 9.67650295089d0 0
67 247 1 9.67636957754d0 0
68 247 1 9.67623620419d0 0
69 247 1 9.67610283085d0 0
70 247 1 9.6759694575d0 0
71 247 1 9.67583608416d0 0
72 247 1 9.67570271081d0 0
73 247 1 9.67556933747d0 0
74 247 1 9.67543596412d0 0
75 247 1 9.67534793771d0 0
76 247 1 9.67530525824d0 0
77 247 1 9.67526257877d0 0
78 247 1 9.6752198993d0 0
79 247 1 9.67517721983d0 0
80 247 1 9.67513454036d0 0
81 247 1 9.67509186089d0 0
82 247 1 9.67504918142d0 0
83 247 1 9.67500650195d0 0
84 247 1 9.67496382248d0 0
85 247 1 9.67492114301d0 0
86 247 1 9.67487846354d0 0
87 247 1 9.67483578407d0 0
88 247 1 9.6747931046d0 0
89 247 1 9.67475042513d0 0
90 247 1 9.67470774566d0 0
91 247 1 9.67466506619d0 0
92 247 1 9.67462238672d0 0
93 247 1 9.67457970725d0 0
94 247 1 9.67453702778d0 0
95 247 1 9.6744943483d0 0
96 247 1 9.67445166883d0 0
97 247 1 9.67440898936d0 0
98 247 1 9.67436630989d0 0
99 247 1 9.67432363042d0 0
100 247 1 9.67428095095d0 0
101 247 1 9.67423827148d0 0
102 247 1 9.67419559201d0 0
103 247 1 9.67415291254d0 0
104 247 1 9.67411023307d0 0
105 247 1 9.6740675536d0 0
106 247 1 9.67402487413d0 0
107 247 1 9.67398219466d0 0
108 247 1 9.67393951519d0 0
109 247 1 9.67389683572d0 0
110 247 1 9.67385415625d0 0
111 247 1 9.67381147678d0 0
112 247 1 9.67376879731d0 0
113 247 1 9.67372611784d0 0
114 247 1 9.67368343836d0 0
115 247 1 9.67364075889d0 0
116 247 1 9.67359807942d0 0
117 247 1 9.67355539995d0 0
118 247 1 9.67351272048d0 0
119 247 1 9.67347004101d0 0
120 247 1 9.67342736154d0 0
121 247 1 9.67338468207d0 0
122 247 1 9.6733420026d0 0
123 247 1 9.67329932313d0 0
124 247 1 9.67325664366d0 0
125 247 1 9.67321396419d0 0
126 247 1 9.67317128472d0 0
127 247 1 9.67312860525d0 0
128 247 1 9.67308592578d0 0
129 247 1 9.67304324631d0 0
130 247 1 9.67300056684d0 0
131 247 1 9.67295788737d0 0
132 247 1 9.6729152079d0 0
133 247 1 9.67287252843d0 0
134 247 1 9.67282984895d0 0
135 247 1 9.67278716948d0 0
136 247 1 9.67274449001d0 0
137 247 1 9.67270181054d0 0
138 247 1 9.67265913107d0 0
139 247 1 9.6726164516d0 0
140 247 1 9.67257377213d0 0
141 247 1 9.67253109266d0 0
142 247 1 9.67248841319d0 0
143 247 1 9.67244573372d0 0
144 247 1 9.67240305425d0 0
145 247 1 9.67236037478d0 0
146 247 1 9.67231769531d0 0
147 247 1 9.67227501584d0 0
148 247 1 9.67223233637d0 0
149 247 1 9.6721896569d0 0
150 247 1 9.67214697743d0 0
151 247 1 9.67210429796d0 0
152 247 1 9.67206161849d0 0
153 247 1 9.67201893902d0 0
154 247 1 9.67197625954d0 0
155 247 1 9.67193358007d0 0
156 247 1 9.6718909006d0 0
157 247 1 9.67184822113d0 0
158 247 1 9.67180554166d0 0
159 247 1 9.67176286219d0 0
160 247 1 9.67172018272d0 0
161 247 1 9.67167750325d0 0
162 247 1 9.67163482378d0 0
163 247 1 9.67159214431d0 0
164 247 1 9.67154946484d0 0
165 247 1 9.67150678537d0 0
166 247 1 9.6714641059d0 0
167 247 1 9.67142142643d0 0
168 247 1 9.67137874696d0 0
169 247 1 9.67133606749d0 0
170 247 1 9.67129338802d0 0
171 247 1 9.67125070855d0 0
172 247 1 9.67120802908d0 0
173 247 1 9.67116534961d0 0
174 247 1 9.67112267013d0 0
175 247 1 9.67103464373d0 0
176 247 1 9.67090127038d0 0
177 247 1 9.67076789704d0 0
178 247 1 9.67063452369d0 0
179 247 1 9.67050115035d0 0
180 247 1 9.670367777d0 0
181 247 1 9.67023440365d0 0
182 247 1 9.67010103031d0 0
183 247 1 9.66996765696d0 0
184 247 1 9.66983428362d0 0
185 247 1 9.66970091027d0 0
186 247 1 9.66956753693d0 0
187 247 1 9.66943416358d0 0
188 247 1 9.66930079024d0 0
189 247 1 9.66916741689d0 0
190 247 1 9.66903404355d0 0
191 247 1 9.6689006702d0 0
192 247 1 9.66876729686d0 0
193 247 1 9.66863392351d0 0
194 247 1 9.66850055017d0 0
195 247 1 9.66836717682d0 0
196 247 1 9.66823380347d0 0
197 247 1 9.66810043013d0 0
198 247 1 9.66796705678d0 0
199 247 1 9.66783368344d0 0
200 247 1 9.66770031009d0 0
201 247 1 9.66756693675d0 0
202 247 1 9.6674335634d0 0
203 247 1 9.66730019006d0 0
204 247 1 9.66716681671d0 0
205 247 1 9.66703344337d0 0
206 247 1 9.66690007002d0 0
207 247 1 9.66676669668d0 0
208 247 1 9.66663332333d0 0
209 247 1 9.66649994999d0 0
210 247 1 9.66636657664d0 0
211 247 1 9.66623320329d0 0
212 247 1 9.66609982995d0 0
213 247 1 9.6659664566d0 0
214 247 1 9.66583308326d0 0
215 247 1 9.66569970991d0 0
216 247 1 9.66556633657d0 0
217 247 1 9.66543296322d0 0
218 247 1 9.66529958988d0 0
219 247 1 9.66516621653d0 0
220 247 1 9.66503284319d0 0
221 247 1 9.66489946984d0 0
222 247 1 9.6647660965d0 0
223 247 1 9.66463272315d0 0
224 247 1 9.66449934981d0 0
225 247 1 9.66376579641d0 0
226 247 1 9.66243206295d0 0
227 247 1 9.6610983295d0 0
228 247 1 9.65976459605d0 0
229 247 1 9.65843086259d0 0
230 247 1 9.65709712914d0 0
231 247 1 9.65576339569d0 0
232 247 1 9.65442966223d0 0
233 247 1 9.65309592878d0 0
234 247 1 9.65176219533d0 0
235 247 1 9.64976159515d0 0
236 247 1 9.64709412824d0 0
237 247 1 9.64442666133d0 0
238 247 1 9.64175919443d0 0
239 247 1 9.63909172752d0 0
240 247 1 9.63442366043d0 0
241 247 1 9.62775499316d0 0
242 247 1 9.6210863259d0 0
243 247 1 9.61441765863d0 0
244 247 1 9.60441465773d0 0
245 247 1 9.5910773232d0 0
246 247 1 9.57773998866d0 0
247 247 1 9.56440265413d0 0
247 2 1 9.76886399253d0 0
247 3 1 9.755526658d0 0
247 4 1 9.74218932346d0 0
247 5 1 9.73218632256d0 0
247 6 1 9.7255176553d0 0
247 7 1 9.71884898803d0 0
247 8 1 9.71218032076d0 0
247 9 1 9.70751225368d0 0
247 10 1 9.70484478677d0 0
247 11 1 9.70217731986d0 0
247 12 1 9.69950985296d0 0
247 13 1 9.69684238605d0 0
247 14 1 9.69484178587d0 0
247 15 1 9.69350805242d0 0
247 16 1 9.69217431896d0 0
247 17 1 9.69084058551d0 0
247 18 1 9.68950685206d0 0
247 19 1 9.6881731186d0 0
247 20 1 9.68683938515d0 0
247 21 1 9.6855056517d0 0
247 22 1 9.68417191824d0 0
247 23 1 9.68283818479d0 0
247 24 1 9.68210463139d0 0
247 25 1 9.68197125804d0 0
247 26 1 9.6818378847d0 0
247 27 1 9.68170451135d0 0
247 28 1 9.68157113801d0 0
247 29 1 9.68143776466d0 0
247 30 1 9.68130439132d0 0
247 31 1 9.68117101797d0 0
247 32 1 9.68103764463d0 0
247 33 1 9.68090427128d0 0
247 34 1 9.68077089794d0 0
247 35 1 9.68063752459d0 0
247 36 1 9.68050415125d0 0
247 37 1 9.6803707779d0 0
247 38 1 9.68023740455d0 0
247 39 1 9.68010403121d0 0
247 40 1 9.67997065786d0 0
247 41 1 9.67983728452d0 0
247 42 1 9.67970391117d0 0
247 43 1 9.67957053783d0 0
247 44 1 9.67943716448d0 0
247 45 1 9.67930379114d0 0
247 46 1 9.67917041779d0 0
247 47 1 9.67903704445d0 0
247 48 1 9.6789036711d0 0
247 49 1 9.67877029776d0 0
247 50 1 9.67863692441d0 0
247 51 1 9.67850355107d0 0
247 52 1 9.67837017772d0 0
247 53 1 9.67823680437d0 0
247 54 1 9.67810343103d0 0
247 55 1 9.67797005768d0 0
247 56 1 9.67783668434d0 0
247 57 1 9.67770331099d0 0
247 58 1 9.67756993765d0 0
247 59 1 9.6774365643d0 0
247 60 1 9.67730319096d0 0
247 61 1 9.67716981761d0 0
247 62 1 9.67703644427d0 0
247 63 1 9.67690307092d0 0
247 64 1 9.67676969758d0 0
247 65 1 9.67663632423d0 0
247 66 1 9.67650295089d0 0
247 67 1 9.67636957754d0 0
247 68 1 9.67623620419d0 0
247 69 1 9.67610283085d0 0
247 70 1 9.6759694575d0 0
247 71 1 9.67583608416d0 0
247 72 1 9.67570271081d0 0
247 73 1 9.67556933747d0 0
247 74 1 9.67543596412d0 0
247 75 1 9.67534793771d0 0
247 76 1 9.67530525824d0 0
247 77 1 9.67526257877d0 0
247 78 1 9.6752198993d0 0
247 79 1 9.67517721983d0 0
247 80 1 9.67513454036d0 0
247 81 1 9.67509186089d0 0
247 82 1 9.67504918142d0 0
247 83 1 9.67500650195d0 0
247 84 1 9.67496382248d0 0
247 85 1 9.67492114301d0 0
247 86 1 9.67487846354d0 0
247 87 1 9.67483578407d0 0
247 88 1 9.6747931046d0 0
247 89 1 9.67475042513d0 0
247 90 1 9.67470774566d0 0
247 91 1 9.67466506619d0 0
247 92 1 9.67462238672d0 0
247 93 1 9.67457970725d0 0
247 94 1 9.67453702778d0 0
247 95 1 9.6744943483d0 0
247 96 1 9.67445166883d0 0
247 97 1 9.67440898936d0 0
247 98 1 9.67436630989d0 0
247 99 1 9.67432363042d0 0
247 100 1 9.67428095095d0 0
247 101 1 9.67423827148d0 0
247 102 1 9.67419559201d0 0
247 103 1 9.67415291254d0 0
247 104 1 9.67411023307d0 0
247 105 1 9.6740675536d0 0
247 106 1 9.67402487413d0 0
247 107 1 9.67398219466d0 0
247 108 1 9.67393951519d0 0
247 109 1 9.67389683572d0 0
247 110 1 9.67385415625d0 0
247 111 1 9.67381147678d0 0
247 112 1 9.67376879731d0 0
247 113 1 9.67372611784d0 0
247 114 1 9.67368343836d0 0
247 115 1 9.67364075889d0 0
247 116 1 9.67359807942d0 0
247 117 1 9.67355539995d0 0
247 118 1 9.67351272048d0 0
247 119 1 9.67347004101d0 0
247 120 1 9.67342736154d0 0
247 121 1 9.67338468207d0 0
247 122 1 9.6733420026d0 0
247 123 1 9.67329932313d0 0
247 124 1 9.67325664366d0 0
247 125 1 9.67321396419d0 0
247 126 1 9.67317128472d0 0
247 127 1 9.67312860525d0 0
247 128 1 9.67308592578d0 0
247 129 1 9.67304324631d0 0
247 130 1 9.67300056684d0 0
247 131 1 9.67295788737d0 0
247 132 1 9.6729152079d0 0
247 133 1 9.67287252843d0 0
247 134 1 9.67282984895d0 0
247 135 1 9.67278716948d0 0
247 136 1 9.67274449001d0 0
247 137 1 9.67270181054d0 0
247 138 1 9.67265913107d0 0
247 139 1 9.6726164516d0 0
247 140 1 9.67257377213d0 0
247 141 1 9.67253109266d0 0
247 142 1 9.67248841319d0 0
247 143 1 9.67244573372d0 0
247 144 1 9.67240305425d0 0
247 145 1 9.67236037478d0 0
247 146 1 9.67231769531d0 0
247 147 1 9.67227501584d0 0
247 148 1 9.67223233637d0 0
247 149 1 9.6721896569d0 0
247 150 1 9.67214697743d0 0
247 151 1 9.67210429796d0 0
247 152 1 9.67206161849d0 0
247 153 1 9.67201893902d0 0
247 154 1 9.67197625954d0 0
247 155 1 9.67193358007d0 0
247 156 1 9.6718909006d0 0
247 157 1 9.67184822113d0 0
247 158 1 9.67180554166d0 0
247 159 1 9.67176286219d0 0
247 160 1 9.67172018272d0 0
247 161 1 9.67167750325d0 0
247 162 1 9.67163482378d0 0
247 163 1 9.67159214431d0 0
247 164 1 9.67154946484d0 0
247 165 1 9.67150678537d0 0
247 166 1 9.6714641059d0 0
247 167 1 9.67142142643d0 0
247 168 1 9.67137874696d0 0
247 169 1 9.67133606749d0 0
247 170 1 9.67129338802d0 0
247 171 1 9.67125070855d0 0
247 172 1 9.67120802908d0 0
247 173 1 9.67116534961d0 0
247 174 1 9.67112267013d0 0
247 175 1 9.67103464373d0 0
247 176 1 9.67090127038d0 0
247 177 1 9.67076789704d0 0
247 178 1 9.67063452369d0 0
247 179 1 9.67050115035d0 0
247 180 1 9.670367777d0 0
247 181 1 9.67023440365d0 0
247 182 1 9.67010103031d0 0
247 183 1 9.66996765696d0 0
247 184 1 9.66983428362d0 0
247 185 1 9.66970091027d0 0
247 186 1 9.66956753693d0 0
247 187 1 9.66943416358d0 0
247 188 1 9.66930079024d0 0
247 189 1 9.66916741689d0 0
247 190 1 9.66903404355d0 0
247 191 1 9.6689006702d0 0
247 192 1 9.66876729686d0 0
247 193 1 9.66863392351d0 0
247 194 1 9.66850055017d0 0
247 195 1 9.66836717682d0 0
247 196 1 9.66823380347d0 0
247 197 1 9.66810043013d0 0
247 198 1 9.66796705678d0 0
247 199 1 9.66783368344d0 0
247 200 1 9.66770031009d0 0
247 201 1 9.66756693675d0 0
247 202 1 9.6674335634d0 0
247 203 1 9.66730019006d0 0
247 204 1 9.66716681671d0 0
247 205 1 9.66703344337d0 0
247 206 1 9.66690007002d0 0
247 207 1 9.66676669668d0 0
247 208 1 9.66663332333d0 0
247 209 1 9.66649994999d0 0
247 210 1 9.66636657664d0 0
247 211 1 9.66623320329d0 0
247 212 1 9.66609982995d0 0
247 213 1 9.6659664566d0 0
247 214 1 9.66583308326d0 0
247 215 1 9.66569970991d0 0
247 216 1 9.66556633657d0 0
247 217 1 9.66543296322d0 0
247 218 1 9.66529958988d0 0
247 219 1 9.66516621653d0 0
247 220 1 9.66503284319d0 0
247 221 1 9.66489946984d0 0
247 222 1 9.6647660965d0 0
247 223 1 9.66463272315d0 0
247 224 1 9.66449934981d0 0
247 225 1 9.66376579641d0 0
247 226 1 9.66243206295d0 0
247 227 1 9.6610983295d0 0
247 228 1 9.65976459605d0 0
247 229 1 9.65843086259d0 0
247 230 1 9.65709712914d0 0
247 231 1 9.65576339569d0 0
247 232 1 9.65442966223d0 0
247 233 1 9.65309592878d0 0
247 234 1 9.65176219533d0 0
247 235 1 9.64976159515d0 0
247 236 1 9.64709412824d0 0
247 237 1 9.64442666133d0 0
247 238 1 9.64175919443d0 0
247 239 1 9.63909172752d0 0
247 240 1 9.63442366043d0 0
247 241 1 9.62775499316d0 0
247 242 1 9.6210863259d0 0
247 243 1 9.61441765863d0 0
247 244 1 9.60441465773d0 0
247 245 1 9.5910773232d0 0
247 246 1 9.57773998866d0 0
